5.35
5.59
5.35
5.35
5.35
5.11
5.11
5.35
5.11
5.11
4.86
5.11
4.86
5.11
4.86
4.62
4.86
4.62
4.86
4.86
4.62
4.62
4.62
4.86
4.62
4.62
4.38
4.62
4.37
4.37
4.61
4.37
4.37
4.37
4.24
4.37
4.24
4.37
4.24
4.09
3.71
4.09
3.96
3.96
3.96
3.96
3.83
4.37
3.83
4.09
3.71
3.96
4.09
3.71
4.24
3.83
4.24
3.83
3.39
4.24
3.3
3.49
3.6
3.3
3.3
3.71
3.21
3.3
3.04
2.97
2.97
2.82
3.21
3.04
3.04
2.89
2.37
2.89
2.24
2.58
1.74
1.88
2.28
2.16
1.8
2.16
1.72
1.8
1.72
1.3
2.32
1.15
1.94
1.39
1.67
1.27
1.91
1.58
1.52
1.56
1.43
1.33
1.56
1.41
1.77
1.35
1.67
1.38
1.26
1.41
1.5
1.6
1.44
1.88
1.13
1.74
1.11
1.85
1.3
1.6
1.18
1.56
1.39
1.56
1.29
1.91
1.29
1.72
1.54
1.58
1.58
1.88
2.24
2.28
1.6
1.6
2.08
1.74
2.08
1.77
1.74
2.47
1.72
2.64
1.88
2.04
2.2
1.67
1.8
2.28
2.16
2.16
2.97
2.47
1.94
2.64
2.2
2.52
2.52
2.42
2.82
3.12
2.47
3.04
3.3
3.49
3.3
3.39
3.83
3.83
3.96
3.96
3.83
4.61
4.61
4.37
4.61
4.85
4.61
4.37
4.85
4.85
4.61
4.85
5.1
5.34
5.34
5.34
5.34
5.34
5.35
5.59
5.11
5.11
5.35
5.59
5.59
5.84
5.84
5.84
5.84
6.08
6.08
5.84
6.08
6.32
6.32
6.81
6.57
6.08
6.57
6.81
6.57
6.57
6.57
6.32
6.32
6.57
6.32
6.57
6.81
6.57
6.32
6.57
6.32
6.32
6.57
6.08
6.08
6.08
6.32
6.32
6.32
6.32
6.32
6.32
6.32
6.57
6.81
6.81
6.57
6.57
6.57
6.81
6.57
6.81
6.57
6.57
6.74
6.64
6.81
6.81
6.81
7.05
6.81
6.57
6.81
6.57
6.32
6.32
6.32
6.08
6.08
6.08
6.08
5.84
5.84
5.84
5.84
5.59
5.84
5.35
5.59
5.59
5.59
5.59
5.59
5.59
5.59
5.59
5.59
5.59
5.58
5.83
5.34
5.34
5.58
5.34
5.1
5.1
5.34
5.1
4.85
5.1
5.1
4.61
4.85
4.61
4.61
4.85
4.61
4.37
4.37
4.61
4.61
4.37
4.61
4.61
4.61
4.61
4.85
5.1
5.34
5.1
5.58
5.1
5.34
5.34
5.59
5.59
5.59
5.59
5.59
5.59
5.84
5.59
5.84
6.08
5.59
6.08
6.08
5.84
6.08
6.08
6.08
6.32
6.08
6.08
6.08
6.08
6.08
6.08
6.08
5.84
6.25
6.4
6.32
6.08
6.32
6.08
6.08
6.08
6.08
6.08
5.84
5.84
5.35
5.84
5.59
5.59
5.59
5.59
5.59
5.35
5.35
5.59
5.11
5.35
5.35
5.11
4.86
5.11
5.11
5.35
5.11
5.35
5.11
5.11
5.35
5.35
5.11
5.35
5.35
5.11
5.35
5.11
5.11
5.11
5.11
5.11
5.35
4.86
5.11
4.79
4.7
4.86
4.86
4.62
4.86
4.62
4.62
4.86
4.62
4.62
4.86
4.62
4.62
4.86
4.62
4.86
4.85
5.1
5.1
4.85
5.1
5.1
5.1
5.1
5.34
5.34
5.34
5.58
5.34
5.58
5.58
5.58
5.83
5.83
6.07
5.83
6.07
6.07
6.07
6.8
6.31
6.55
6.55
6.55
6.55
6.55
6.55
6.8
6.8
7.04
6.8
7.04
7.05
6.81
6.57
6.57
6.32
6.57
6.08
6.32
5.84
5.84
6.08
5.84
5.84
5.59
5.84
5.59
5.59
5.59
5.59
5.59
5.84
5.35
5.59
5.84
5.59
5.59
5.35
5.59
5.59
5.35
5.35
5.11
5.11
5.11
4.62
4.62
4.62
4.38
4.38
4.38
4.56
3.96
4.38
4.09
3.96
4.09
3.83
3.96
4.09
4.09
4.09
4.09
4.62
4.38
4.62
4.38
4.62
4.38
4.38
4.38
4.38
4.4
4.09
4.38
4.09
3.83
3.71
4.24
3.12
3.96
3.3
3.21
3.96
3.3
3.96
3.71
3.3
3.3
3.6
3.6
3.6
2.97
3.96
3.21
3.96
3.71
3.71
3.49
3.49
3.96
3.21
3.39
3.04
3.21
3.39
2.97
3.12
3.96
3.04
3.49
3.3
3.04
3.12
3.3
3.12
3.83
3.3
3.49
3.49
3.39
2.97
3.39
3.21
3.83
3.3
3.21
3.49
3.21
3.49
3.6
4.09
3.6
4.09
4.09
3.83
4.24
3.96
4.37
4.62
4.38
4.38
4.38
4.62
4.62
4.86
4.86
4.62
4.86
4.86
4.79
4.95
4.86
4.86
4.62
4.86
5.11
5.11
4.86
5.11
4.86
5.11
5.11
4.86
5.11
5.35
4.86
4.86
5.35
5.11
5.11
5.11
5.35
5.11
5.35
5.35
5.11
5.35
5.59
5.59
5.59
5.59
5.59
5.59
5.84
5.84
5.84
5.84
6.08
6.08
6.08
5.84
6.32
6.32
6.32
6.08
6.32
6.08
6.32
6.25
6.4
6.32
6.32
6.32
6.08
6.32
6.08
6.08
6.32
6.08
6.32
6.32
6.32
6.08
6.32
6.08
6.32
6.57
6.08
6.32
6.32
6.57
6.32
6.08
6.54
6.35
6.57
6.81
6.57
6.57
6.57
6.55
6.31
6.31
6.31
6.31
6.31
6.07
5.83
5.83
5.83
5.58
5.83
5.58
5.34
5.58
5.58
5.34
5.58
5.58
5.58
5.58
5.58
5.58
6.07
6.31
5.83
6.07
6.07
5.83
5.83
5.83
5.58
5.83
5.58
5.58
5.34
5.35
5.35
5.11
4.86
5.11
4.86
4.86
4.86
4.62
4.86
4.86
4.38
4.62
4.62
4.62
4.86
4.62
4.62
4.86
4.86
4.62
4.62
4.38
4.38
4.38
4.38
4.09
3.96
3.83
2.52
4.4
3.3
3.39
3.3
3.39
3.96
3.39
3.6
3.39
3.21
3.83
3.49
3.96
3.49
3.83
3.6
3.96
3.83
3.83
3.71
3.6
3.71
4.4
3.96
4.75
4.09
4.38
4.24
3.71
3.96
4.09
3.83
4.24
3.96
4.24
4.38
4.09
4.09
4.4
4.24
3.96
3.83
4.38
3.96
3.71
4.09
3.83
3.83
4.09
3.96
4.24
3.6
3.96
3.83
4.09
3.49
4.24
3.71
3.71
4.4
3.96
3.49
4.24
3.6
3.96
4.37
3.96
3.83
3.83
3.71
3.83
4.09
3.83
4.56
3.6
3.71
3.71
3.71
3.3
3.21
3.3
3.39
3.71
2.82
3.49
3.39
2.89
3.04
2.89
3.39
2.76
3.39
2.76
2.97
2.89
2.89
2.58
2.76
2.7
3.21
2.76
2.82
2.76
3.12
2.89
3.12
3.21
3.49
3.39
3.04
3.04
3.12
2.76
3.6
3.3
2.97
2.89
2.76
2.7
2.82
2.42
2.82
2.89
2.7
2.82
2.97
2.04
2.97
2.28
2.28
2.08
2.58
2.52
2.37
1.77
3.04
1.43
2.76
1.62
2.16
1.85
2.76
1.43
2.89
2.01
2.2
2.12
2.12
2.64
2.82
1.58
3.12
1.91
2.52
3.12
2.7
3.04
3.6
2.89
3.21
3.12
3.04
3.04
3.3
2.97
2.76
3.39
2.97
3.49
2.7
3.21
2.37
3.21
2.76
2.64
3.12
2.89
3.21
2.32
2.7
3.12
2.7
2.64
2.76
2.89
2.52
2.76
2.82
2.7
3.04
2.82
2.89
3.04
2.76
2.64
3.21
3.12
2.89
2.7
2.7
2.97
3.6
2.76
2.89
1.85
2.52
2.64
2.76
2.52
2.97
2.58
2.64
2.76
2.89
2.58
2.76
2.97
2.82
3.49
2.89
2.97
2.89
2.97
2.82
3.96
2.97
3.3
2.89
3.12
3.3
3.6
3.3
3.6
2.82
3.6
3.96
3.6
4.24
4.24
3.96
3.96
3.71
4.62
4.09
3.71
4.38
3.96
4.4
3.83
4.62
4.38
4.38
4.38
3.83
4.38
4.38
4.75
4.38
4.38
4.38
4.38
4.24
4.38
4.38
3.96
4.09
4.38
4.38
4.24
4.24
4.38
4.38
4.56
4.38
4.38
3.96
4.38
4.38
4.24
4.38
4.38
4.38
4.24
4.4
3.71
3.83
4.09
3.83
3.83
3.83
3.83
4.09
3.6
3.96
4.4
4.09
4.24
3.83
4.38
4.38
4.38
4.38
4.38
4.86
4.38
4.62
4.62
4.62
5.11
4.62
4.62
4.86
4.86
5.11
5.11
5.11
5.35
5.11
4.85
5.34
5.58
5.58
5.58
5.34
5.58
5.58
5.1
5.1
5.58
5.58
5.83
5.58
5.58
5.34
5.34
5.58
5.58
5.83
5.83
5.83
5.83
5.83
6.31
5.83
6.31
6.31
5.83
5.83
6.07
6.07
6.07
5.83
6.07
5.83
6.32
6.32
6.08
6.08
6.08
6.32
5.84
6.08
6.08
6.32
6.08
6.08
5.59
5.84
5.84
6.08
5.84
6.08
6.57
6.08
6.08
5.84
5.84
6.08
5.59
6.32
6.57
5.84
6.08
6.08
5.84
5.84
5.84
6.08
6.32
5.84
5.84
6.32
6.32
6.08
5.84
6.57
6.32
6.08
6.08
6.08
6.32
6.32
6.32
6.08
6.08
5.84
6.32
6.57
6.81
6.57
6.32
6.57
6.57
6.32
6.81
6.57
6.32
6.32
6.57
6.81
6.32
6.08
6.57
6.81
6.32
6.57
6.57
6.57
7.05
6.57
6.32
6.57
7.05
6.57
7.3
6.57
6.81
6.57
6.32
6.81
7.05
6.57
6.32
6.57
6.57
6.32
6.31
6.31
6.07
6.07
6.07
6.07
6.31
6.07
6.07
6.07
5.83
5.97
6.17
5.83
5.83
5.58
5.58
5.58
5.34
5.58
5.34
5.83
5.83
5.58
5.58
5.58
5.34
5.34
5.58
5.34
5.83
5.58
5.83
6.31
5.83
5.83
5.59
5.84
5.59
6.08
5.59
5.84
5.59
5.59
5.59
5.59
5.59
5.35
5.59
5.59
6.32
5.59
5.84
6.32
5.59
5.84
6.08
6.08
6.08
6.06
5.86
6.32
5.84
6.32
6.08
5.84
6.08
5.84
5.84
5.84
5.84
6.08
6.08
5.84
5.84
6.32
6.08
6.32
6.57
5.84
6.32
5.84
6.08
6.08
5.59
6.32
6.32
6.08
6.32
6.32
6.32
6.57
6.08
6.32
6.08
6.32
6.32
6.57
6.57
6.57
6.57
6.57
6.32
6.57
6.57
6.57
6.08
6.57
6.54
6.35
6.08
6.08
6.08
6.32
6.08
6.08
6.32
6.57
6.32
7.05
6.57
6.32
6.81
6.32
6.81
6.32
6.08
6.32
6.07
6.07
6.07
6.31
6
6.39
6.07
6.07
6.31
6.55
6.31
6.31
6.07
6.31
6.31
6.31
6.31
6.31
6.31
6.31
6.55
6.55
6.31
6.31
6.31
6.55
6.31
6.31
6.55
6.55
6.55
6.55
6.31
6.31
6.07
6.55
6.57
6.81
6.57
6.57
6.81
6.08
6.08
6.57
5.84
6.08
5.84
5.59
5.35
5.11
5.11
5.11
4.86
4.38
2.82
4.09
3.04
4.4
3.83
4.24
3.6
3.96
3.39
3.6
3.49
3.83
3.6
3.83
3.6
4.09
3.83
3.71
3.96
3.6
3.6
3.3
3.6
3.6
3.96
3.49
3.6
3.96
3.71
2.7
4.24
2.97
4.24
4.09
4.38
4.38
4.09
4.38
4.62
4.86
4.62
4.86
4.62
5.35
5.35
5.35
5.35
5.35
5.11
5.59
5.59
5.59
5.84
6.08
6.08
5.84
6.08
6.08
6.32
5.84
6.32
6.08
6.32
6.32
6.32
6.32
6.32
6.32
6.57
6.57
6.32
6.5
6.39
6.81
6.31
6.8
6.31
6.8
6.55
6.55
6.8
6.55
6.55
6.8
6.55
6.55
6.55
6.55
6.8
6.8
6.31
6.8
6.8
6.55
6.8
6.8
6.55
6.55
7.04
7.04
6.8
7.04
7.04
6.8
7.28
7.04
7.04
7.04
6.8
7.04
7.05
7.05
6.81
7.05
6.81
6.81
6.81
6.81
6.5
6.8
6.4
6.81
6.57
6.57
6.81
6.81
6.57
6.57
6.81
6.57
6.32
6.32
6.81
6.57
6.81
6.57
6.57
6.57
6.57
6.32
6.57
6.32
6.57
6.32
6.81
6.08
6.57
6.57
6.57
6.57
6.32
6.81
6.32
6.32
6.32
6.32
6.32
6.57
6.57
6.32
6.08
6.57
6.08
6.57
6.32
6.32
6.32
6.5
6.39
6.57
6.32
6.32
6.32
6.81
6.32
6.57
6.57
6.32
6.57
6.57
6.57
6.57
6.57
6.32
6.32
6.81
6.32
6.57
7.05
6.57
6.57
6.57
6.57
6.81
6.57
6.81
6.57
6.57
6.57
6.81
6.57
6.81
6.8
6.55
6.8
6.8
6.8
6.8
6.8
6.55
6.8
6.8
6.8
7.04
6.55
6.8
6.55
6.8
6.8
6.8
6.55
7.04
6.8
6.55
6.8
6.8
6.55
6.8
6.55
6.8
6.55
6.55
6.55
6.8
6.55
6.8
6.8
6.55
6.81
6.57
6.57
6.57
6.57
6.81
6.57
6.32
6.57
6.57
6.81
6.57
6.57
6.32
6.57
6.81
6.32
6.57
6.57
6.32
6.57
6.32
6.08
6.32
6.57
6.5
6.64
6.32
6.32
6.57
6.32
6.57
6.32
6.32
6.32
6.32
6.32
6.08
6.32
6.08
6.32
6.08
6.32
5.84
6.08
6.08
5.84
6.08
5.59
6.08
5.84
5.84
5.59
5.84
5.84
5.59
5.84
5.59
5.84
5.84
5.84
5.59
5.59
5.84
5.59
5.84
5.59
5.59
5.59
5.59
5.59
5.84
5.84
5.59
5.79
5.89
5.84
5.84
6.08
6.08
5.84
6.08
5.84
6.08
6.08
5.84
6.08
6.08
5.84
6.08
6.08
6.08
6.07
6.07
6.07
6.07
6.07
6.07
5.74
5.91
6.07
5.83
6.07
6.07
6.31
5.83
6.07
6.07
5.83
5.83
6.07
5.83
5.83
5.83
6.07
5.83
6.07
5.83
6.07
5.83
5.83
6.07
5.83
5.83
5.58
5.58
5.34
5.58
5.35
5.35
5.35
5.11
5.11
5.35
5.11
4.86
5.11
4.86
4.86
4.86
4.86
4.62
4.86
5.35
5.11
5.35
4.86
4.86
4.86
4.86
4.62
4.62
5.11
4.62
4.62
4.62
4.86
4.86
4.86
4.86
5.35
5.35
5.84
5.84
5.59
5.59
5.59
5.84
5.59
5.59
6.24
6.42
5.84
6.08
6.08
6.08
6.32
6.08
6.08
6.08
6.32
6.08
5.84
6.32
6.32
6.08
6.32
6.08
6.57
6.32
6.57
6.08
6.08
6.32
6.32
6.48
6.17
6.32
6.32
6.08
6.32
6.08
6.57
6.81
5.84
5.84
6.08
6.08
6.08
5.84
6.08
5.84
6.08
6.08
5.84
5.84
5.84
6.08
5.84
5.84
6.07
6.07
6.07
5.58
5.83
6.07
5.83
5.83
5.83
5.83
5.83
6.07
5.83
6.07
5.58
5.58
5.83
6.07
5.83
6.07
6.07
6.31
6.31
6.5
6.36
6.31
6.55
6.55
6.8
6.55
6.55
6.31
6.07
6.31
6.55
6.55
6.81
6.81
6.32
6.57
6.08
6.32
6.57
6.57
6.81
6.32
6.32
6.54
6.84
6.81
6.32
6.32
6.32
6.32
6.57
6.57
6.57
6.57
6.32
6.32
6.81
6.32
6.32
6.32
6.57
6.32
6.57
6.57
6.32
6.32
6.32
6.57
6.32
6.57
6.57
6.57
6.32
6.57
6.32
6.57
6.81
6.32
6.57
6.57
6.57
6.57
6.81
6.57
6.81
6.81
6.32
6.81
6.81
6.81
6.57
6.57
6.57
6.32
6.32
6.81
6.81
6.32
6.81
6.81
7.3
6.81
6.81
6.81
7.05
6.81
6.81
6.57
6.08
6.57
6.32
6.81
6.32
6.57
6.08
5.59
5.55
5.15
5.11
4.62
4.86
4.86
4.86
3.96
3.3
3.96
3.39
3.49
3.04
3.6
3.71
3.71
3.96
4.4
3.6
2.89
3.39
3.39
2.89
2.82
3.21
2.58
3.21
2.76
2.82
1.88
1.74
1.18
4.56
4.4
4.85
5.58
5.58
5.34
6.07
6.31
6.8
6.55
6.31
6.31
6.32
6.08
6.08
6.32
6.57
6.57
6.81
6.81
6.81
6.81
7.3
7.3
7.05
7.54
7.05
7.3
6.81
6.81
6.57
6.57
6.57
6.32
6.57
6.08
6.57
6.32
6.08
6.08
6.08
6.08
6.08
5.84
5.84
6.08
6.08
6.08
5.84
5.84
5.84
5.59
5.59
5.59
5.59
5.84
5.84
5.84
5.59
5.59
5.59
5.59
5.35
5.59
5.35
5.35
5.59
5.35
5.35
5.35
5.35
5.35
5.35
5.35
5.59
5.35
5.35
5.59
5.35
5.35
5.59
5.59
5.11
5.59
5.11
5.35
5.59
5.35
5.35
5.57
5.62
5.35
5.11
5.35
5.11
5.59
5.35
5.35
5.35
5.35
5.35
5.11
5.35
5.11
4.85
5.1
5.34
4.85
5.1
5.34
5.1
5.1
4.85
5.07
5.13
5.1
5.1
5.34
5.34
5.1
5.34
5.1
5.34
5.34
5.1
5.34
5.34
5.34
5.34
5.1
5.34
5.34
5.1
5.34
5.1
5.34
5.5
5.42
5.58
5.34
5.59
5.59
5.84
5.59
6.08
5.84
6.08
6.08
6.32
6.08
6.32
6.08
6.32
6.57
6.32
6.32
6.32
6.57
6.57
6.57
6.57
6.57
6.57
6.57
6.81
6.57
6.57
6.57
6.57
6.81
6.57
6.81
6.57
6.81
6.57
7.05
6.57
6.32
6.32
6.32
6.32
6.32
6.57
6.32
6.32
6.22
6.18
6.32
6.08
6.32
6.08
6.32
5.84
6.08
6.32
6.32
6.08
6.08
6.08
6.08
6.32
6.32
6.32
6.57
6.32
6.32
6.57
6.08
6.32
6.57
6.32
6.32
6.57
6.32
6.32
6.57
6.57
6.32
6.57
6.32
6.57
6.32
6.57
6.57
6.57
6.57
6.32
6.57
6.32
6.32
6.57
6.57
6.55
6.55
6.25
6.62
6.31
6.07
6.31
6.31
6.31
6.31
6.07
6.31
6.31
6.31
6.31
6.55
6.31
6.07
6.55
6.31
6.55
6.55
6.31
6.31
6.55
6.55
6.55
6.55
6.55
6.31
6.31
6.55
6.55
6.31
6.55
6.55
6.57
6.08
6.32
6.32
6.32
6.57
6.32
6.32
6.08
6.32
6.08
6.32
5.84
6.08
5.84
5.84
5.84
6.08
5.84
5.84
5.84
5.59
5.84
5.59
5.59
5.59
5.35
5.59
5.35
5.35
5.59
5.35
5.35
5.35
5.59
5.11
5.35
5.11
5.08
4.89
5.11
5.11
4.86
5.11
4.86
4.86
4.86
5.11
4.86
4.86
4.86
4.86
5.11
5.11
4.86
4.62
5.11
4.62
4.86
4.86
4.86
4.86
4.86
4.86
4.86
5.11
4.86
5.11
5.11
5.11
4.62
5.11
4.86
4.86
5.11
4.86
5.11
4.62
4.86
4.86
4.86
4.86
5.11
4.86
5.11
4.86
4.86
5.28
4.93
4.86
4.86
4.86
4.85
5.1
4.85
4.61
4.85
4.85
4.85
4.85
4.61
4.85
4.61
4.61
4.61
4.61
4.85
4.85
4.61
4.85
4.85
5.1
4.85
5.1
5.1
5.34
5.1
5.1
5.34
5.1
5.34
5.58
5.34
5.34
5.34
5.34
5.1
5.34
5.59
5.59
5.35
5.59
5.35
5.59
5.59
5.59
5.59
5.35
5.59
5.35
5.35
5.59
5.35
5.84
5.59
5.59
5.59
5.84
5.59
5.84
5.59
5.84
5.59
5.84
5.84
5.84
5.84
5.84
5.84
5.81
5.86
5.84
5.84
5.84
6.08
6.08
6.08
6.08
6.08
6.08
6.08
6.32
6.32
6.08
6.32
6.32
6.32
6.32
6.57
6.32
6.57
6.32
6.32
6.57
6.57
6.32
6.32
6.57
6.57
6.32
6.08
6.32
6.08
6.32
6.08
6.32
6.57
6.57
6.32
6.08
6.32
6.57
6.32
6.57
6.32
6.32
6.32
6.32
6.57
6.57
6.57
6.81
6.32
6.08
6.32
6.32
6.32
6.57
6.81
6.32
6.55
6.55
6.8
6.55
7.04
6.8
7.28
7.04
7.28
7.04
6.8
6.31
6.31
6.31
6.31
6.31
6.55
6.31
6.8
6.8
6.8
7.04
7.53
7.04
7.28
7.28
7.77
7.28
7.28
7.04
7.04
7.04
7.04
6.8
7.28
7.04
7.05
7.3
7.05
7.3
7.05
7.05
7.05
7.05
7.05
6.81
6.81
7.05
7.05
6.81
7.05
7.05
6.81
6.81
7.05
6.81
6.81
7.05
6.81
6.81
6.74
6.88
6.81
7.05
6.81
7.05
6.81
6.81
7.3
6.57
6.81
6.57
6.81
6.81
6.81
7.05
6.81
6.81
6.81
6.81
6.81
6.81
6.81
6.81
7.05
6.81
6.81
7.05
7.05
7.05
7.3
7.05
6.81
6.81
6.81
6.81
6.81
6.57
6.81
6.81
6.81
6.81
6.81
6.57
6.81
6.81
6.57
6.81
6.57
6.81
6.81
6.57
6.81
6.57
6.57
6.81
6.57
6.81
6.57
6.81
6.57
6.57
6.81
6.57
6.81
6.57
6.81
6.81
6.55
6.8
6.8
7.04
7.28
6.74
7.1
6.8
7.04
6.55
6.8
7.04
7.04
7.04
7.04
7.04
7.04
7.04
7.04
7.04
7.28
7.28
7.28
7.28
7.28
7.28
7.28
7.28
7.28
7.04
7.28
7.28
7.53
7.28
7.28
7.28
7.05
7.05
7.05
7.3
7.05
7.05
7.05
6.81
7.05
7.05
6.57
6.81
6.81
6.81
6.57
6.57
6.08
6.32
6.32
6.08
5.84
5.84
6.08
5.84
5.84
5.59
5.84
5.59
5.59
5.84
5.35
5.59
5.35
5.35
5.35
5.11
5.59
5.11
5.11
5.35
5.11
5.06
5.16
5.11
5.11
5.11
4.86
5.35
5.35
5.11
5.11
4.86
4.86
4.86
5.11
4.86
5.35
5.11
4.86
5.11
5.35
4.86
4.86
4.62
5.11
4.86
4.8
4.68
4.86
4.62
4.62
5.11
4.62
4.86
5.35
4.62
5.35
5.35
4.86
4.86
5.11
5.11
4.86
5.35
5.35
5.11
5.11
5.35
5.59
5.35
5.84
6.08
5.83
5.58
5.58
5.58
5.34
5.58
5.34
5.83
5.34
5.58
5.83
5.58
5.58
5.83
5.58
5.58
6.55
5.58
5.34
5.83
5.83
5.58
5.79
5.62
5.34
5.58
5.34
5.34
5.1
5.1
5.1
5.1
4.85
4.61
4.61
4.61
4.62
4.62
4.62
4.38
4.24
4.38
4.62
4.62
4.38
4.62
4.38
4.86
4.38
4.38
4.38
4.86
4.86
5.11
4.62
4.38
4.38
4.62
4.62
4.62
4.62
4.38
4.38
4.38
4.38
4.4
3.96
3.83
4.24
4.38
4.56
4.38
4.38
4.38
3.83
4.62
4.62
3.71
4.24
3.96
4.38
4.38
5.11
4.86
4.62
4.62
4.38
4.62
4.38
4.38
4.4
4.09
4.24
4.09
3.71
3.83
3.83
3.71
3.21
3.39
3.3
3.12
3.04
3.3
3.49
3.6
3.04
3.04
3.12
3.21
2.89
2.64
3.04
2.2
2.04
3.12
2.52
3.21
3.12
3.71
3.49
3.6
3.21
3.3
3.6
3.71
3.39
3.39
3.49
3.12
3.3
2.97
2.76
2.89
3.04
2.47
2.12
2.24
2.16
2.42
2.58
2.42
2.58
2.24
2.37
2.7
2.16
3.3
2.52
3.21
3.12
3.04
3.04
3.3
3.39
3.12
3.71
3.83
3.49
3.6
3.12
3.6
3.39
3.6
3.71
3.71
4.09
3.96
3.71
4.56
4.24
3.96
3.49
3.83
4.24
4.24
4.38
4.4
4.38
4.38
4.4
3.96
4.24
4.62
4.4
4.38
4.38
4.56
4.62
4.38
4.62
4.38
5.11
4.38
4.62
4.86
4.86
4.86
4.86
4.86
4.86
4.86
5.11
4.62
5.11
5.11
5.11
4.62
5.11
4.86
4.86
4.86
5.11
4.62
4.86
5.29
4.68
5.11
4.62
5.11
5.11
4.86
5.11
5.35
5.11
5.35
5.11
5.11
5.11
5.35
5.35
4.86
4.86
5.35
5.11
4.86
5.11
5.35
5.11
5.11
5.11
5.35
5.35
5.35
4.86
5.35
5.11
5.35
5.35
5.35
5.35
5.59
5.11
5.59
5.11
5.11
5.1
5.34
5.58
5.1
5.58
5.83
5.58
5.34
5.34
5.34
5.1
5.34
5.1
5.1
5.58
5.34
5.34
5.1
5.83
5.58
5.34
5.34
5.1
5.1
5.34
5.34
5.34
5.1
5.34
5.1
5.34
4.81
5.14
5.1
4.85
4.85
5.11
4.62
4.62
4.62
4.62
4.38
4.38
4.38
4.38
4.38
4.38
4.38
4.09
4.38
4.09
3.83
4.09
4.24
4.24
4.09
4.24
3.6
4.4
3.71
3.96
3.96
4.24
3.96
3.6
3.96
4.4
4.24
4.09
4.09
3.71
3.83
3.96
3.49
3.49
3.71
3.49
3.49
3.96
3.49
3.83
3.6
3.83
3.6
3.83
3.71
4.09
3.6
2.7
4.24
3.96
4.09
4.4
3.71
4.95
4.62
4.38
4.86
4.86
5.11
5.11
5.11
5.11
5.11
4.86
5.35
5.35
5.35
4.62
5.11
5.11
5.11
5.11
5.11
5.11
4.86
5.11
5.59
5.11
5.59
5.35
5.11
5.59
5.84
5.59
5.35
5.84
5.35
5.34
5.58
5.34
5.1
6.07
5.58
5.34
5.1
5.1
5.34
5.1
5.1
5.83
5.58
4.85
5.34
5.58
5.1
5.1
5.34
5.58
5.83
5.34
5.34
5.28
5.16
5.34
5.1
5.1
5.34
5.1
4.85
5.1
4.85
4.85
5.1
4.86
5.11
4.62
4.86
5.11
4.62
5.35
5.35
4.86
4.62
5.59
5.11
4.79
4.95
6.08
5.35
5.11
5.11
5.35
5.11
5.11
5.84
5.11
5.11
5.59
5.35
5.35
5.11
5.11
5.11
5.35
5.59
5.59
5.35
5.35
5.35
5.35
5.34
5.12
5.59
5.35
5.11
5.35
5.59
5.84
5.35
5.59
5.84
5.59
5.59
5.84
5.84
5.84
6.32
5.59
6.08
6.57
6.57
5.84
6.08
6.57
7.05
6.57
6.08
6.32
6.81
6.81
6.32
6.32
6.57
6.57
7.05
6.57
6.57
6.57
6.81
7.05
7.05
6.57
6.57
6.81
6.57
6.57
6.57
6.57
6.57
6.57
6.57
6.57
6.81
6.81
6.57
6.55
6.8
6.55
6.8
6.55
6.8
6.55
7.04
6.55
6.8
7.04
6.55
6.8
6.55
6.55
6.55
6.55
6.55
6.55
6.31
6.55
6.55
6.55
6.8
6.55
6.8
7.04
7.04
7.04
7.04
7.04
7.04
6.8
7.04
6.55
6.8
6.32
6.57
6.57
6.32
6.57
6.32
6.32
6.57
6.32
6.08
6.32
6.08
6.08
6.08
6.08
6.81
6.57
6.08
6.08
6.08
6.32
6.32
6.57
6.08
6.32
6.32
6.57
6.81
6.08
6.32
6.08
6.08
6.32
6.32
6.57
6.32
6.08
6.32
6.08
6.57
6.32
6.32
6.08
6.32
6.32
6.08
6.32
6.32
6.08
6.57
6.32
6.57
6.57
7.05
6.8
6.34
6.57
6.32
6.57
6.32
7.05
6.81
6.81
6.57
6.57
6.57
6.57
6.32
6.32
6.57
6.32
6.81
6.32
6.57
6.57
6.57
6.32
6.57
6.57
6.57
6.57
7.05
6.57
6.57
7.05
7.05
6.57
6.32
6.57
6.32
6.32
6.81
6.55
6.31
6.55
6.31
6.55
6.55
6.55
6.55
6.07
6.07
6.07
6.55
6.55
6.55
6.55
6.55
6.55
6.31
6.31
7.04
6.55
7.04
7.04
7.28
7.53
6.55
6.55
6.55
6.31
6.31
6.31
6.31
6.31
6.07
6.31
6.55
6.32
7.05
6.32
7.05
6.57
6.81
6.57
7.3
6.81
6.57
6.57
6.81
7.05
6.57
6.57
6.81
6.57
6.32
7.05
6.57
6.08
6.57
6.24
6.17
6.08
6.08
5.84
5.84
6.32
5.84
6.08
5.84
5.84
5.84
6.57
6.08
5.84
5.59
5.59
6.08
5.84
5.35
5.59
5.84
5.59
5.59
5.59
5.59
5.35
5.84
5.59
5.59
5.59
5.35
5.11
5.59
5.35
5.35
5.35
5.35
5.59
5.35
5.35
5.35
5.35
5.59
5.84
5.35
5.11
5.35
5.11
5.28
5.18
5.11
5.35
5.35
5.11
5.11
5.11
5.11
5.11
4.86
5.11
5.11
4.86
5.11
4.86
4.86
5.11
4.86
5.11
5.11
5.1
5.1
5.1
5.1
5.1
5.1
5.34
5.1
5.58
5.1
5.34
5.34
5.1
5.34
5.34
5.1
5.34
5.58
5.34
5.58
5.34
5.34
5.58
5.83
5.34
5.58
5.58
6.8
6.31
5.58
5.83
6.07
6.31
5.83
5.83
5.83
6.08
6.08
6.08
6.08
5.84
6.08
5.84
6.08
6.32
6.08
6.08
6.32
6.32
6.32
6.32
6.08
6.32
6.32
6.32
6.08
6.32
6.32
6.32
6.08
6.32
6.57
6.32
6.57
6.57
6.32
6.57
6.81
6.81
6.57
6.81
6.81
6.81
6.57
6.57
6.81
6.81
6.81
6.81
6.81
7.05
7.05
6.57
6.57
6.81
6.81
6.81
6.81
6.81
6.81
7.05
6.81
6.81
7.05
6.81
6.81
7.05
6.81
7.05
6.81
6.54
6.84
7.05
6.81
6.57
6.57
6.81
6.81
6.57
6.57
6.57
6.57
6.57
6.57
6.32
6.57
6.81
6.57
6.81
6.81
6.81
6.57
6.81
6.81
6.81
6.81
6.81
6.81
6.8
6.8
6.8
6.8
6.8
6.55
6.8
6.8
6.8
6.55
7.04
6.8
6.55
6.8
6.8
7.28
6.8
7.04
7.28
7.28
7.04
6.55
6.8
6.55
6.55
6.55
6.55
6.8
6.8
6.55
6.31
6.55
6.31
6.07
6.31
5.83
6.08
5.84
6.08
5.84
5.84
6.08
5.84
5.84
5.59
5.59
5.84
5.59
5.59
5.59
5.84
5.59
5.84
5.35
5.84
5.59
5.84
5.59
5.59
5.59
5.59
5.59
5.59
5.59
5.35
5.59
5.59
5.59
5.54
5.41
5.59
5.84
5.59
5.35
5.84
5.59
5.35
5.59
5.59
5.84
5.84
5.59
5.59
5.84
5.59
6.08
5.59
6.08
5.84
5.84
5.84
6.08
5.84
6.08
5.84
6.08
6.08
6.08
6.32
6.08
6.08
6.08
6.08
6.32
6.08
6.32
6.32
6.08
6.08
6.32
6.08
6.32
6.08
6.32
6.08
6.81
6.57
6.27
6.87
6.81
6.57
6.57
6.32
6.57
6.81
6.57
6.57
6.57
6.8
6.55
6.55
6.8
6.55
6.55
7.04
6.8
6.55
6.55
6.8
6.31
6.55
6.3
6.32
6.31
6.07
6.31
6.07
6.31
6.07
6.07
6.07
5.83
6.07
6.07
5.83
6.07
6.07
5.83
6.07
5.83
5.83
5.83
5.83
5.83
5.84
5.84
5.84
5.59
5.84
5.59
5.59
5.84
5.59
5.59
5.59
5.59
5.35
5.59
5.35
5.59
5.35
5.35
5.35
5.35
5.35
5.35
5.35
5.11
5.11
4.86
5.11
5.11
4.86
5.11
4.86
4.86
4.86
4.86
5.11
4.86
4.86
5.11
4.86
4.86
4.86
4.86
5.11
4.86
5.11
4.86
4.86
5.11
5.11
5.05
5.17
5.11
5.11
5.11
5.11
5.11
5.35
5.11
5.35
5.11
5.11
5.35
5.11
5.35
5.11
5.35
5.11
5.59
5.11
5.35
5.35
5.35
5.35
5.35
5.33
5.37
5.59
5.35
5.35
5.35
5.59
5.35
5.35
5.59
5.35
5.59
5.59
5.35
5.59
5.59
5.35
5.59
5.58
5.58
5.58
5.34
5.34
5.1
5.54
5.38
5.34
5.34
5.34
5.1
5.34
5.1
5.34
5.1
5.34
5.1
4.85
5.1
5.1
4.85
5.1
4.85
4.85
4.85
4.85
4.85
4.85
5.01
4.69
4.85
4.85
4.85
4.61
4.85
4.86
4.62
4.86
4.86
4.86
4.62
4.86
5.11
4.62
4.86
4.86
4.86
4.86
4.86
4.86
4.62
4.86
5.11
4.62
4.86
4.86
4.86
4.86
4.86
4.86
5.11
4.86
4.86
5.11
4.86
5.11
4.86
5.11
5.35
5.11
4.86
5.11
5.35
5.35
5.35
5.35
5.35
5.31
5.4
5.35
5.35
5.59
5.35
5.35
5.35
5.35
5.59
5.35
5.59
5.59
5.84
5.59
5.84
5.59
5.59
5.84
5.84
5.84
5.84
5.84
5.59
5.84
5.84
5.59
5.84
5.84
5.84
5.84
5.84
5.84
5.84
6.08
5.84
6.08
6.08
6.08
6.08
6.08
6.08
6.08
6.32
6.08
6.32
6.08
6.08
6.08
6.32
6.31
6.07
6.31
6.31
6.31
6.31
6.31
6.55
6.31
6.55
6.55
6.55
6.55
6.55
6.8
6.55
6.8
6.8
6.8
6.55
6.8
6.8
6.8
7.04
6.8
6.8
6.8
6.8
6.8
6.8
6.8
7.04
6.8
6.8
6.8
6.8
6.81
6.81
6.81
7.05
6.81
7.05
7.05
6.81
7.05
6.81
6.81
6.81
6.81
6.81
6.81
6.81
6.57
6.57
6.57
6.81
6.57
6.57
6.57
6.57
6.81
6.81
6.57
6.81
6.81
6.57
6.57
6.81
6.57
6.57
6.57
6.57
6.32
6.57
6.32
6.32
6.32
6.32
6.32
6.32
6.57
6.32
6.32
6.32
6.32
6.32
6.32
6.32
6.32
6.32
6.32
6.32
6.32
6.32
6.32
6.26
6.39
6.32
6.32
6.32
6.57
6.32
6.57
6.57
6.57
6.57
6.57
6.81
6.57
6.81
6.81
6.57
6.57
6.81
6.57
6.57
6.57
6.81
6.57
6.57
6.81
6.57
6.57
6.57
6.57
6.81
6.57
6.81
6.8
6.55
6.8
6.55
6.8
6.8
6.8
6.8
6.8
6.8
6.8
6.8
6.8
6.8
6.8
6.8
6.8
7.04
6.8
7.04
6.8
6.8
7.04
7.04
7.04
7.04
6.8
6.8
7.04
7.04
7.04
7.04
6.8
7.04
7.04
6.8
7.05
6.81
6.81
7.05
6.81
6.81
7.05
6.81
6.81
6.81
6.81
6.81
7.05
7.05
7.05
6.81
6.81
7.05
6.81
7.05
6.81
7.05
6.81
6.81
6.81
6.81
6.81
6.97
6.9
7.05
6.81
7.05
7.3
6.81
7.05
6.81
7.05
6.81
6.81
6.81
6.57
6.81
6.81
6.81
6.57
6.57
6.32
6.08
6.32
6.08
6.32
6.08
6.08
6.08
5.84
5.84
5.84
5.84
5.59
5.84
5.59
5.59
5.84
5.59
5.84
5.59
5.59
5.84
5.84
5.84
5.84
5.59
5.84
6.08
6.08
6.08
6.08
6.08
6.08
6.08
6.08
6.32
6.32
6.32
6.32
6.32
6.32
6.32
6.32
6.08
6.08
6.32
6.31
6.07
6.07
6.31
6.31
6.31
6.31
6.55
6.55
6.31
6.55
6.31
6.55
6.8
6.55
6.8
6.55
6.8
6.8
6.8
6.8
6.8
7.04
6.8
7.04
6.8
6.8
6.8
6.8
7.04
6.8
6.8
6.8
6.55
6.31
6.55
6.57
6.57
6.32
6.32
6.57
6.08
6.32
6.32
6.32
6.08
6.32
6.08
6.32
6.08
6.08
6.08
5.84
5.84
5.84
0
0
0
0
0
